name: dncnnEnv1
channels:
  - defaults
dependencies:
  - _tflow_180_select=1.0=gpu
  - absl-py=0.2.2=py27_0
  - astor=0.6.2=py27_0
  - backports=1.0=py27h63c9359_1
  - backports.weakref=1.0.post1=py27h0df1112_0
  - blas=1.0=mkl
  - bleach=1.5.0=py27_0
  - ca-certificates=2018.03.07=0
  - certifi=2018.4.16=py27_0
  - cudatoolkit=9.0=h13b8566_0
  - cudnn=7.1.2=cuda9.0_0
  - cupti=9.0.176=0
  - enum34=1.1.6=py27h99a27e9_1
  - freetype=2.5.5=2
  - funcsigs=1.0.2=py27h83f16ab_0
  - futures=3.2.0=py27h7b459c0_0
  - gast=0.2.0=py27_0
  - grpcio=1.12.1=py27hdbcaa40_0
  - html5lib=0.9999999=py27_0
  - intel-openmp=2018.0.3=0
  - jpeg=8d=2
  - lcms=1.19=0
  - libedit=3.1.20170329=h6b74fdf_2
  - libffi=3.2.1=hd88cf55_4
  - libgcc-ng=7.2.0=hdf63c60_3
  - libgfortran-ng=7.2.0=hdf63c60_3
  - libpng=1.6.34=hb9fc6fc_0
  - libprotobuf=3.5.2=h6f1eeef_0
  - libstdcxx-ng=7.2.0=hdf63c60_3
  - markdown=2.6.11=py27_0
  - mkl=2018.0.3=1
  - mkl_fft=1.0.1=py27h3010b51_0
  - mkl_random=1.0.1=py27h629b387_0
  - mock=2.0.0=py27h0c0c831_0
  - ncurses=6.1=hf484d3e_0
  - numpy=1.14.5=py27hcd700cb_3
  - numpy-base=1.14.5=py27hdbf6ddf_3
  - openssl=1.0.2o=h20670df_0
  - pbr=4.0.4=py27_0
  - pil=1.1.7=py27_2
  - pip=10.0.1=py27_0
  - protobuf=3.5.2=py27hf484d3e_0
  - python=2.7.15=h1571d57_0
  - readline=7.0=ha6073c6_4
  - setuptools=39.2.0=py27_0
  - six=1.11.0=py27h5f960f1_1
  - sqlite=3.24.0=h84994c4_0
  - tensorboard=1.8.0=py27hf484d3e_0
  - tensorflow=1.8.0=h16da8f2_0
  - tensorflow-base=1.8.0=py27hc1a7637_0
  - tensorflow-gpu=1.8.0=h7b35bdc_0
  - termcolor=1.1.0=py27_1
  - tk=8.6.7=hc745277_3
  - werkzeug=0.14.1=py27_0
  - wheel=0.31.1=py27_0
  - xz=5.2.4=h14c3975_4
  - zlib=1.2.11=ha838bed_2
prefix: /home/NETID/ruiwen/anaconda3/envs/dncnnEnv1

